0.1165 0.0109 0.0100 0.0094 0.0090 0.0078 0.0104 0.0071 0.0069 0.0130
0.0109 0.0570 0.0086 0.0083 0.0075 0.0071 0.0095 0.0067 0.0062 0.0129
0.0100 0.0086 0.0814 0.0103 0.0075 0.0072 0.0110 0.0062 0.0097 0.0093
0.0094 0.0083 0.0103 0.0722 0.0076 0.0066 0.0101 0.0061 0.0076 0.0093
0.0090 0.0075 0.0075 0.0076 0.0561 0.0118 0.0076 0.0059 0.0071 0.0085
0.0078 0.0071 0.0072 0.0066 0.0118 0.0398 0.0069 0.0055 0.0065 0.0075
0.0104 0.0095 0.0110 0.0101 0.0076 0.0069 0.0719 0.0062 0.0081 0.0103
0.0071 0.0067 0.0062 0.0061 0.0059 0.0055 0.0062 0.0342 0.0046 0.0069
0.0069 0.0062 0.0097 0.0076 0.0071 0.0065 0.0081 0.0046 0.0681 0.0070
0.0130 0.0129 0.0093 0.0093 0.0085 0.0075 0.0103 0.0069 0.0070 0.0540